Run semi-empirical minimization
 &qmmm
    qm_theory='AM1', grms_tol=0.0005,
 scfconv=1.d-10, ndiis_attempts=700,   qmcharge=0,
 /
   6   CAW       60.7620       26.2070       62.3400 
   6   CAV       60.8010       24.9390       62.7370 
  35    BR       60.1920       23.4340       61.7580 
   6   CAU       61.3300       24.8170       63.9390 
   7   NAT       61.6440       26.0410       64.3120 
   7   NAS       61.2780       26.9210       63.3380 
   6   CAR       61.5140       28.2230       63.5090 
   6   CAQ       62.0830       28.9720       62.4600 
   6   CAP       62.3940       30.3410       62.6380 
   7   NAY       62.9180       31.2210       61.7630 
   6   CAZ       63.5490       30.9040       60.6050 
   8   OBB       63.6950       29.7550       60.2030 
   7   NBA       64.0520       31.9500       59.9220 
   6   CBC       64.7980       31.8270       58.6590 
   6   CBD       65.8850       32.9050       58.6290 
   7   NAO       62.1440       30.8970       63.8400 
   6   CAN       61.5900       30.1630       64.8990 
   6   CAM       61.2820       28.8190       64.7780 
   6   CAK       60.6820       28.1440       65.8900 
   8   OAL       59.5950       27.6120       65.7140 
   7   NAH       61.2730       28.2230       67.1010 
   6   CAE       60.7640       27.6680       68.2340 
   6   CAF       59.3950       27.5900       68.5610 
   6   CAA       58.9500       27.0220       69.7630 
   6   CAB       59.8690       26.5410       70.6790 
   7   NAC       61.2470       26.6140       70.3950 
   6   CAD       61.6810       27.1830       69.1680 

